0.25 0.25 0.25 0.25 2.5e-006
0.25 0.25 0.25 2.5e-006 0.25
0.25 0.25 2.5e-006 0.25 0.25
0.49998 0.49998 1.2247e-005 1.2247e-005 6.1234e-006
0.49998 0.49998 1.2247e-005 6.1234e-006 1.2247e-005
0.49998 0.49998 6.1234e-006 1.2247e-005 1.2247e-005
0.25 2.5e-006 0.25 0.25 0.25
0.49998 1.2247e-005 0.49998 1.2247e-005 6.1234e-006
0.49998 1.2247e-005 0.49998 6.1234e-006 1.2247e-005
0.49998 1.2247e-005 1.2247e-005 0.49998 6.1234e-006
0.49998 1.2247e-005 1.2247e-005 6.1234e-006 0.49998
0.49998 1.2247e-005 6.1234e-006 0.49998 1.2247e-005
0.49998 1.2247e-005 6.1234e-006 1.2247e-005 0.49998
0.99991 3.1619e-005 1.581e-005 3.1619e-005 1.581e-005
0.99991 3.1619e-005 1.581e-005 1.581e-005 3.1619e-005
0.49998 6.1234e-006 0.49998 1.2247e-005 1.2247e-005
0.49998 6.1234e-006 1.2247e-005 0.49998 1.2247e-005
0.49998 6.1234e-006 1.2247e-005 1.2247e-005 0.49998
0.99991 1.581e-005 3.1619e-005 3.1619e-005 1.581e-005
2.5e-006 0.25 0.25 0.25 0.25
1.2247e-005 0.49998 0.49998 1.2247e-005 6.1234e-006
1.2247e-005 0.49998 0.49998 6.1234e-006 1.2247e-005
1.2247e-005 0.49998 1.2247e-005 0.49998 6.1234e-006
1.2247e-005 0.49998 1.2247e-005 6.1234e-006 0.49998
1.2247e-005 0.49998 6.1234e-006 0.49998 1.2247e-005
1.2247e-005 0.49998 6.1234e-006 1.2247e-005 0.49998
3.1619e-005 0.99991 1.581e-005 3.1619e-005 1.581e-005
1.2247e-005 1.2247e-005 0.49998 0.49998 6.1234e-006
1.2247e-005 1.2247e-005 0.49998 6.1234e-006 0.49998
3.1619e-005 3.1619e-005 0.99991 1.581e-005 1.581e-005
1.2247e-005 1.2247e-005 6.1234e-006 0.49998 0.49998
1.2247e-005 6.1234e-006 0.49998 0.49998 1.2247e-005
1.2247e-005 6.1234e-006 0.49998 1.2247e-005 0.49998
3.1619e-005 1.581e-005 0.99991 1.581e-005 3.1619e-005
1.2247e-005 6.1234e-006 1.2247e-005 0.49998 0.49998
3.1619e-005 1.581e-005 3.1619e-005 0.99991 1.581e-005
3.1619e-005 1.581e-005 3.1619e-005 1.581e-005 0.99991
3.1619e-005 1.581e-005 1.581e-005 3.1619e-005 0.99991
6.1234e-006 0.49998 0.49998 1.2247e-005 1.2247e-005
6.1234e-006 0.49998 1.2247e-005 0.49998 1.2247e-005
6.1234e-006 0.49998 1.2247e-005 1.2247e-005 0.49998
1.581e-005 0.99991 3.1619e-005 1.581e-005 3.1619e-005
6.1234e-006 1.2247e-005 0.49998 0.49998 1.2247e-005
6.1234e-006 1.2247e-005 0.49998 1.2247e-005 0.49998
1.581e-005 3.1619e-005 0.99991 3.1619e-005 1.581e-005
6.1234e-006 1.2247e-005 1.2247e-005 0.49998 0.49998
1.581e-005 3.1619e-005 3.1619e-005 0.99991 1.581e-005
1.581e-005 3.1619e-005 3.1619e-005 1.581e-005 0.99991
1.581e-005 3.1619e-005 1.581e-005 0.99991 3.1619e-005
1.581e-005 3.1619e-005 1.581e-005 3.1619e-005 0.99991
